Belly 12777 19160 32157 38717 65011 76803 89666 102227 113201 114575 
ChenCi 22134 31705 56007 78900 100013 
ChenGuan 14936 28495 43094 56699 70761 85046 100069 101140 142867 156842 170560 198754 211674 
ChenHeDing 13575 19110 33538 47084 73007 97082 98381 111016 123888 129582 
ChenLiang 27468 40640 53862 79886 97786 123827 136998 162818 169390 183516 190808 204654 
ChenXue 25219 50749 58480 83311 91118 117359 142290 
DaiLu 14014 27877 46338 48123 62214 103289 116468 130329 144346 157233 166131 180297 205135 213258 
DingWeiJie 10524 22347 34217 56780 73308 86754 97416 103779 117531 
FengShuYi 28703 41367 53576 66598 80375 106992 119441 132150 
FuWenHui 11617 24949 30454 44684 46129 60161 72363 83483 96396 110399 111511 124086 143821 145376 156860 166465 191868 
GaoMin 22973 24512 47098 48234 59404 82660 106493 
HuangSiMin 12218 17739 30451 42870 55087 67441 79337 104304 105458 116881 121791 
Jessie 24262 47662 53060 66608 72435 85534 109931 
KongTaoMing 12502 69696 74740 75741 90828 102627 114389 127895 133151 147133 160130 176879 183120 198452 215527 216860 
LiPeiQi 13420 27306 32710 35932 42752 86152 94687 108647 121825 127265 141745 153910 170488 183089 
LiTing 24607 51307 72944 74404 88864 114125 
LiYuePeng 11562 24154 38117 50867 58268 59309 72131 85117 95964 102007 115446 139214 
LinGuanHao 28266 55021 
LiuJinGe 11576 16871 41470 62551 68901 80669 92808 103411 113777 
LiuSheng 13797 37436 38465 51184 64836 78224 91385 119985 134794 148635 189642 195670 210448 
LuZhiHao 22075 32480 64788 73763 75259 83783 85419 
LuoLi 12305 23959 47897 60312 72724 85394 97027 98726 110924 123196 
LuoShuYing 6646 33811 42619 44257 57515 71239 78533 91703 103754 105146 117477 
OuYangJiang 26024 38738 64089 76830 102081 128687 
TaoKun 14285 16952 26711 27830 32301 47473 61413 68485 74845 88392 102237 115428 128716 141921 
WangHuan 25672 52706 66022 94196 108329 135536 
WangWenWei 19293 43515 56246 68086 80960 86918 99860 119187 142487 
WangZhouHong 12456 26577 38854 52820 63869 65134 94510 
WengCanBiao 42612 56033 71916 99570 108468 153543 167577 195160 210764 225147 
YuShaoQing 17194 31639 45567 59905 103044 108847 126151 142362 158065 174131 189363 204322 215837 232027 
ZhaoRan 13230 18109 32234 59015 71866 84596 110984 117258 130325 
ZhaoYun 13228 25892 52556 65056 78111 90184 103477 116915 131450 
ZhouYiTing 23078 36892 52321 79174 91229 101934 117625 131469 144196 158498 166172 180809 189073 203525 
ZuoTianLong 8098 20926 32244 33782 46886 58326 70060 80187 81239 92866 104626 
